34.832395926271126 51.51380226221374 68.88485875670135 82.83662243949028 
33.496738011951216 47.19972197585934 68.04596601261662 87.30829705352558 
10.525901245131578 2.216385456089392 9.412479784615371 -10.069413171978564 
2.216385456089392 9.076828874995618 5.455759688274634 -3.168091725816259 
9.412479784615371 5.455759688274634 9.956491544508904 -9.9715834911488 
-10.069413171978564 -3.168091725816259 -9.9715834911488 12.415567919171584 
3.093434116573462 4.542093240397127 -0.3731385292096488 -1.4834715724111143 
4.542093240397127 8.391583473752576 -0.31153246882606017 -2.3252968214247502 
-0.3731385292096488 -0.31153246882606017 1.1015859529378178 1.8397257361972343 
-1.4834715724111143 -2.3252968214247502 1.8397257361972343 4.818118376782029 
