64.28856443625175 67.70644899666982 53.22338713603953 63.43338930223401 27.881071418702582 44.8641636738934 76.64212761229062 76.08675758576801 44.890951270960024 
58.82840870939024 74.49681387944437 50.0621046450461 61.51456351185922 25.207957856502933 41.20358771364353 81.97786361129607 69.86297449035094 29.343150817214728 
7.4050842201579545 -5.570578769286862 -0.7799351633331575 3.6479664193351105 -1.064605677455488 0.22187818498179945 1.2195916328163425 7.299972131117157 1.603302634182467 
-5.570578769286862 5.620501858996934 -1.2257579218463555 -2.529932465119835 -0.8909485388705608 2.5963312837926344 -1.1343486288292925 -5.78122202399135 0.04457105761054379 
-0.7799351633331575 -1.2257579218463555 2.5836030175501006 -0.8986966826115221 3.175125722033944 -3.861271786571379 -0.5239196163462789 -0.2624465013073416 -1.3608023981126918 
3.6479664193351105 -2.529932465119835 -0.8986966826115221 2.226325288223014 -1.3745556557584426 1.4125164547123599 1.6497811587302433 3.520544194767015 0.8253512047587516 
-1.064605677455488 -0.8909485388705608 3.175125722033944 -1.3745556557584426 13.992808432086631 2.0422629029250903 -3.2163148042033387 -1.1903179662437366 6.868530314766518 
0.22187818498179945 2.5963312837926344 -3.861271786571379 1.4125164547123599 2.0422629029250903 21.49116794271507 -6.800656016720579 -1.3180962189185605 8.286637525620295 
1.2195916328163425 -1.1343486288292925 -0.5239196163462789 1.6497811587302433 -3.2163148042033387 -6.800656016720579 12.317282696489336 1.9710658600514739 -2.2097604271109623 
7.299972131117157 -5.78122202399135 -0.2624465013073416 3.520544194767015 -1.1903179662437366 -1.3180962189185605 1.9710658600514739 8.370029891888239 0.800426191590727 
1.603302634182467 0.04457105761054379 -1.3608023981126918 0.8253512047587516 6.868530314766518 8.286637525620295 -2.2097604271109623 0.800426191590727 11.740760440576612 
0.043614745747116476 -0.6012938486683445 0.85820027567264 -0.7513828227058238 0.06332095633488159 -1.6289187013701316 -1.2721237667557586 -1.0822589942463932 0.0966443046611567 
-0.6012938486683445 9.077275044372035 -13.317506426807189 11.8422830576353 -2.2894623174890114 21.71960458710415 13.966716187371155 17.010205559789785 -5.83165473463564 
0.85820027567264 -13.317506426807189 19.69930309249658 -18.298492406550828 3.8673514103411826 -30.133308841300344 -18.192498582607957 -24.551722807700752 10.313558736135828 
-0.7513828227058238 11.8422830576353 -18.298492406550828 80.64712599315693 -3.4471539442409007 -1.9021873304614267 12.181102124054327 -24.090196729713487 19.59085454487732 
0.06332095633488159 -2.2894623174890114 3.8673514103411826 -3.4471539442409007 12.395419666078938 -7.304767447187842 9.310417588278925 -21.476172014314262 -11.231968104103137 
-1.6289187013701316 21.71960458710415 -30.133308841300344 -1.9021873304614267 -7.304767447187842 118.27362510575755 65.31016380912028 90.61666271710898 30.2637492952269 
-1.2721237667557586 13.966716187371155 -18.192498582607957 12.181102124054327 9.310417588278925 65.31016380912028 79.50255465309984 27.060050026770867 20.97438614486859 
-1.0822589942463932 17.010205559789785 -24.551722807700752 -24.090196729713487 -21.476172014314262 90.61666271710898 27.060050026770867 115.65599616987024 12.083895404928505 
0.0966443046611567 -5.83165473463564 10.313558736135828 19.59085454487732 -11.231968104103137 30.2637492952269 20.97438614486859 12.083895404928505 135.64589202776088 
